config: !vault |
          $ANSIBLE_VAULT;1.1;AES256
          35646539333134326536663338663830343336626637376162633962346561613832653038363962
          3533613866366133306634383131356265663936653038360a313237383964666463366566376363
          31643461316666633337363237623735653963363166626464646335383831306431363436396462
          3731346437643066300a353565666134306262353362396139363762393061323933333461323035
          61343330616335643365353534396330373436303933323738356530643333636366373661306663
          34366133643835393164346636613764333235353837313135663066653238303337353239343436
          63373439363566663237626261646337623138356337346163626432396133336162613031313931
          32666433366439623333
github: !vault |
          $ANSIBLE_VAULT;1.1;AES256
          36613932373033373061393135383535306662326231663766333230653336366330313266316266
          6561306130323032663666306532363537636530643466610a646635306237373562373666633463
          30343161376666393232346665616436643930316561613664643263303933363439303731363134
          3464373265633466640a333732613764373738346239633531356465353835646337633437663864
          65313764643136653062643137376237633166373734346332303265663163643561333739353435
          37363165346236343035643433636337313161383635383432363966366235393564613361306434
          35643434393136616533383238613233316338633564336461643837326262666133663462313661
          39633163613631316133386463356134663663366438643139613038383534333031626266666335
          33326534613964656662323962363533343836663431653761646662653338326337643739633138
          32313737366530346165383137316333636435633062363362663265646534336564623862646265
          35383133393039346130663933306563363033663735646464383338633464373836383635663465
          64336566386137343366326139323065616438653535303261303565646535396535316234383238
          61313665386663666365393032366439636237653565366266616365316330303235356534343365
          32376662333637626533613737326334373133313039393139636461303061316439333461623931
          65623866363563613233396564623833633335326133613637303231653138663965363766656231
          65623461313435626233353933393631346230303762366133653862306562383834623933373436
          33613165656163383762366164646566623462376534356639326335363430336438353562363231
          31383465393335373730666461303433656539363234643064356461373036343561333935646564
          63316139323838313934386431636161656661373534356162633533666532666336343166313133
          64663332643831383439313931306632323936646632643331393531633331356330313835613563
          33616262383532623530373231396134666362353930663161313831363835323833613261623330
          34653365613136363363656235343639336133393032373431663633383930656566306563393763
          35663663666164373362663932663863313338383861666331643164633064636362323038653066
          35346338323033666463356531313333323466376334303835616338663337623364373137313066
          38346366383464323762643963326430646466663532633939313262626161646135313866616433
          62373031313137316565363736356237313138306162653565343662663030353438373333336534
          63313638383336353139616465353964376538303238623238393832346661336335333036353233
          62373466313430326330643139666237353236313265666536356562306465306661373339383136
          3038
github_pub: !vault |
          $ANSIBLE_VAULT;1.1;AES256
          32356136626230353539633036383033333464653735336133316130383830336530353962343830
          6535383536623665636535626661376235613039326130330a656538613630636166663666303335
          33326539633837663264323531633731613636383363643038623837356637386230316265313232
          3332663039653561300a373736336261613030656261313966646636336537323139656264616265
          62656366346439343037616134646337313533656236393666363939626139323262386634346331
          37346135333166306536393239356438613261396130643336343135313138666635303237386362
          65666437356164613139306565343839656436633333396363646539656165316132373436633166
          39396166336636616231623265353262333466303435363532323766343563323937643862623061
          32393963393338333665366334313430323762613063613061663266613539383833316164643237
          65346266356533316637333564363437336337306335666565333634333861653338663033353636
          35333939646266356264333562643131383635326432333265666137396466653561393463646436
          33396432623231633663623366366462613132336130613038306433393934336461353539313462
          34343534303464303263313432633463613564323336343036303535653762633135633234346564
          31376263616664316262373862393336383161626136336666356166303865643338396639643437
          39323264303263336437393435386461333535666361396238303333313635353761383864613339
          63336234336461303332373431333831323466376661313435313131396564653534313138336431
          64633464613361316333356536333737383461386633303733636665336138646431306532333938
          38333364393238373863306263613065363565626639383462653566653338343639663231396534
          34333935386535636634323063613764376635636165623534653132656132393261623335666235
          39363235653239356562363835343963336539663861663661373231313565313765363739366139
          33316231646664393736393464353965366135313238366239306664653132323732653530363330
          34303365336634313465383461316663316535383235373463316665346664333135333230353433
          66346135393461666662623663623230306532616639366362353633636434356663393136376362
          32343761643539373232373035376236616632306333353563336231643837656638363830663736
          33656364666161643661343534663763616662663636313861616164316534616238396635343564
          66353330666334356431356331353062393731376163333163616334356561636332336337363034
          39303061653163353962616365333832306539636262636432366136626638336636386562613530
          33366433316137653365613431316464376332633161303138363664643265396433636630353866
          35323661626265373537333661386466303864646430633436343764613033613230323935656233
          37323563633634353933363439616165623066353039316239343035643734333937313138323036
          32346531396639303331373839343936323465396230316266366362666232383237633464366665
          62633961323762623936643961616232663466306339623663353831313633636637376331373064
          61393236636633326163333234653263643234626362623930353063346533303834313130373437
          3438646335656135636462313030613430336235346635613766
